'use client'
import { vars } from 'nativewind'

export const config = {
  light: vars({
    '--color-primary-0': '0 63 80',
    '--color-secondary-0': '81 40 35',
    '--color-secondary-1': '242 223 115',
    '--color-tertiary-0': '229 170 123',
    '--color-tertiary-1': '235 82 132',
    '--color-tertiary-2': '66 170 255',
    '--color-error-0': '214 55 45',
    '--color-success-0': '1 57 56',
    '--color-warning-0': '233 144 69',
    '--color-info-0': '42 159 120',
    '--color-info-1': '115 86 190',
    '--color-typography-0': '255 243 225',
    '--color-typography-1': '28 28 28',
    '--color-background-0': '255 243 225',
    '--color-background-1': '240 248 255',
  }),
  dark: vars({
    '--color-primary-0': '0 63 80',
    '--color-secondary-0': '81 40 35',
    '--color-secondary-1': '242 223 115',
    '--color-tertiary-0': '229 170 123',
    '--color-tertiary-1': '235 82 132',
    '--color-tertiary-2': '66 170 255',
    '--color-error-0': '214 55 45',
    '--color-success-0': '1 57 56',
    '--color-warning-0': '233 144 69',
    '--color-info-0': '42 159 120',
    '--color-info-1': '115 86 190',
    '--color-typography-0': '255 243 225',
    '--color-typography-1': '240 248 255',
    '--color-background-0': '255 243 225',
    '--color-background-1': '28 28 28',
  }),
}
